         147          21          27           0         784        1008
         147          21          27           1         709        1042
         147          21          27           2         722        1059
         147          20          26           0         813        1117
         147          20          26           1         752        1098
         147          19          25           0         896        1043
         147          19          25           1         853        1010
         147          19          25           2         806         962
         147          18          24           0         819         939
         147          18          24           1         785         913
         147          18          24           2         844        1019
         147          17          23           0         780         925
         147          17          23           1         826         972
         147          17          23           2         782         985
         147          16          22           0         883         981
         147          16          22           1         824         926
         147          16          22           2         784         906
         147          15          21           0         698         795
         147          15          21           1         809         938
         147          15          21           2         814         918
         147          14          20           0         813         935
         147          14          20           1         849         942
         147          14          20           2         825         947
         147          13          19           0         828         925
         147          13          19           1         845         960
         147          13          19           2         781         924
         147          10          18           0         766         926
         147          10          18           1        1004        1119
         147          10          18           2         781         922
         147           9          17           0         719        1023
         147           9          17           1         783        1126
         147           9          17           2         774        1176
         147           8          16           0         777        1227
         147           8          16           1         606        1280
         147           8          16           2         665        1108
         147           7          15           0         602        1147
         147           6          14           0         830        1027
         147           6          14           1         844        1055
         147           6          14           2         748         991
         147           5          13           0         718         895
         147           5          13           1         786         971
         147           4          12           0         816         898
         147           4          12           1         826         892
         147           4          12           2         752         831
         147           3          11           0         898         984
         147           3          11           1         831         918
         147           3          11           2         734         837
         147           2          10           0         805         876
         147           2          10           1         752         828
         147           2          10           2         894        1005
         147          21           9           0         756         845
         147          21           9           1         798         874
         147          21           9           2         763         839
         147          20           8           0         879         975
         147          20           8           1         812         888
         147          20           8           2         785         871
         147          19           7           0         888         974
         147          19           7           1         881         955
         147          19           7           2         802         903
         147          18           6           0         860         965
         147          18           6           1         834         915
         147          18           6           2         786         883
         147          17           5           0         841         954
         147          17           5           1         881         974
         147          17           5           2         775         873
         147          16           4           0         788         887
         147          16           4           1         863         969
         147          16           4           2         888        1010
         147          15           3           0         582         689
         147          15           3           1         833         961
         147          15           3           2         627         765
         147          14           2           0         674         947
         147          13           1           0         793         976
         147          13           1           1         813        1070
         147          13           1           2         755        1041
         147          10           0           0         761         986
         147          10           0           1         783        1028
         146           9          23           0         850         959
         146           9          23           1         826         920
         146           9          23           2         810         930
         146           8          22           0         842         947
         146           8          22           1         790         878
         146           8          22           2         837         934
         146           7          21           0         851         965
         146           7          21           1         738         840
         146           7          21           2         860         957
         146           6          20           0         889        1014
         146           6          20           1         783         877
         146           6          20           2         740         844
         146           5          19           0         811         908
         146           5          19           1         787         883
         146           5          19           2         849         971
         146           4          18           0         819         922
         146           4          18           1         869         961
         146           4          18           2         854         965
         146           3          17           0         876         982
         146           3          17           1         750         859
         146           3          17           2         810         944
         146           2          16           0         799         902
         146           2          16           1         797         887
         146           2          16           2         767         892
         146          19          15           0         817         948
         146          19          15           1         819         977
         146          19          15           2         916        1125
         146          18          14           0         723         930
         146          18          14           1         732         961
         146          18          14           2         780        1002
         146          17          13           0         669         978
         146          16          12           0         784         908
         146          16          12           1         732         893
         146          16          12           2         861        1039
         146          15          11           0         839         968
         146          15          11           1         767         973
         146          14          10           0         889         964
         146          14          10           1         801         883
         146          14          10           2         803         900
         146          13           9           0         785         855
         146          13           9           1         723         798
         146          13           9           2         869         947
         146          10           8           0         944        1048
         146          10           8           1         866         953
         146          10           8           2         869         965
         146           9           7           0         897         986
         146           9           7           1         871         953
         146           9           7           2         772         872
         146           8           6           0         797         912
         146           8           6           1         801         887
         146           8           6           2         839         912
         146           7           5           0         824         915
         146           7           5           1         768         871
         146           7           5           2         833         919
         146           6           4           0         799         878
         146           6           4           1         795         874
         146           6           4           2         862         947
         146           5           3           0         848         922
         146           5           3           1         764         836
         146           5           3           2         842         977
         146          11           2           0           0           0
         146          11           2           1           0           0
         146          11           2           2           0           0
         146           3           1           0         901        1021
         146           3           1           1         861         988
         146           3           1           2         800         946
         146           2           0           0         748         954
